%YAML:1.0
---
model_type: KANNALA_BRANDT
camera_name: kannala-brandt
image_width: 752
image_height: 480
projection_parameters:
   k2: -0.01862662028031585
   k3: -0.012611222197878056
   k4: 0.008701117232049242
   k5: -0.003769687017843702
   mu: 363.1287479254536
   mv: 361.9589386546884
   u0: 385.07586879787397
   v0: 245.79220026383626
