%YAML:1.0
---
model_type: KANNALA_BRANDT
camera_name: kannala-brandt
image_width: 752
image_height: 480
projection_parameters:
   k2: -0.020353110387219302
   k3: -0.005513197559291427
   k4: 0.004618417927705387
   k5: -0.0034922717040262053
   mu: 365.73812065745534
   mv: 364.54675142305945
   u0: 373.3247237992646
   v0: 233.00281816425687
