%YAML:1.0
---
model_type: PINHOLE
camera_name: camera
image_width: 752
image_height: 480
distortion_parameters:
   k1: -0.2886519243545528
   k2: 0.08251010502519662
   p1: -0.00037458410613943715
   p2: -9.908178225000679e-05
projection_parameters:
   fx: 465.6647968958394
   fy: 465.53104946638166
   cx: 373.1765292465323
   cy: 232.29333312263688
