%YAML:1.0
---
model_type: KANNALA_BRANDT
camera_name: kannala-brandt
image_width: 752
image_height: 480
projection_parameters:
   k2: -0.017198905178396
   k3: -0.004851832016940116
   k4: -0.004611127513518796
   k5: 0.0023632793094083946
   mu: 358.8396065941624
   mv: 358.6250968229328
   u0: 382.7774319192921
   v0: 245.8086644550035
