%YAML:1.0

#common parameters
#support: 1 imu 1 cam; 1 imu 2 cam: 2 cam; 
imu: 1         
num_of_cam: 2  

imu_topic: "/mynteye/imu/data_raw"
image0_topic: "/mynteye/left/image_raw" 
image1_topic: "/mynteye/right/image_raw"
output_path: "/home/zhangs/vins_fusion/"

#cam0_calib: "left_pinhole.yaml"
#cam1_calib: "right_pinhole.yaml"
cam0_calib: "left_equ.yaml"
cam1_calib: "right_equ.yaml"
#cam0_calib: "left_mei.yaml"
#cam1_calib: "right_mei.yaml"
image_width: 752
image_height: 480
   

# Extrinsic parameter between IMU and Camera.
estimate_extrinsic: 0   # 0  Have an accurate extrinsic parameters. We will trust the following imu^R_cam, imu^T_cam, don't change it.
                        # 1  Have an initial guess about extrinsic parameters. We will optimize around your initial guess.

body_T_cam0: !!opencv-matrix
   rows: 4
   cols: 4
   dt: d
   data: [-0.0038421, -0.99995484, -0.00869195, 0.0054036, 0.99994477, -0.0039268, 0.00974918, -0.0438722, -0.00978287, -0.00865402, 0.9999147, 0.0246595, 0., 0., 0., 1.]
body_T_cam1: !!opencv-matrix
   rows: 4
   cols: 4
   dt: d
   data: [-0.00375743, -0.99996938, -0.00686511, 0.00472022, 0.99994689, -0.00382305, 0.0095708, 0.07584722, -0.00959675, -0.00682878, 0.99993063, 0.02391802, 0., 0., 0., 1.]
#body_T_cam0: !!opencv-matrix
#   rows: 4
#   cols: 4
#   dt: d
#   data: [-0.00703616, -0.99995328, -0.00662858, 0.00352007,
#          0.99994059, -0.00709095, 0.00827845, -0.04430543, 
#          -0.00832506, -0.00656994, 0.99994376, 0.02124595,
#           0, 0, 0, 1]
#
#body_T_cam1: !!opencv-matrix
#   rows: 4
#   cols: 4
#   dt: d
#   data: [-0.00061628, -0.99995139, -0.00984095, 0.00312025,
#          0.99991377, -0.00074529, 0.01311106, 0.07546231,
#          -0.01311776, -0.00983202, 0.99986562, 0.02004423,
#          0, 0, 0, 1]

#Multiple thread support
multiple_thread: 1

#feature traker paprameters
max_cnt: 150            # max feature number in feature tracking
min_dist: 30            # min distance between two features 
freq: 15                # frequence (Hz) of publish tracking result. At least 10Hz for good estimation. If set 0, the frequence will be same as raw image 
F_threshold: 1.0        # ransac threshold (pixel)
show_track: 1           # publish tracking image as topic
flow_back: 1            # perform forward and backward optical flow to improve feature tracking accuracy

#optimization parameters
max_solver_time: 0.04  # max solver itration time (ms), to guarantee real time
max_num_iterations: 8   # max solver itrations, to guarantee real time
keyframe_parallax: 10.0 # keyframe selection threshold (pixel)

#imu parameters       The more accurate parameters you provide, the better performance
acc_n: 0.1          # accelerometer measurement noise standard deviation. 
gyr_n: 0.01         # gyroscope measurement noise standard deviation.     
acc_w: 0.001        # accelerometer bias random work noise standard deviation.  
gyr_w: 0.0001       # gyroscope bias random work noise standard deviation.    
#g_norm: 9.81007     # gravity magnitude

# mynteye-s original IMU parameters
#acc_n: 0.0268014618074         # accelerometer measurement noise standard deviation. #0.599298904976
#gyr_n: 0.00888232829671        # gyroscope measurement noise standard deviation.     #0.198614898699
#acc_w: 0.00262960861593         # accelerometer bias random work noise standard deviation.  #0.02
#gyr_w: 0.000379565782927       # gyroscope bias random work noise standard deviation.     #4.0e-5

# calibrated IMU parameters
#acc_n: 0.0122         # accelerometer measurement noise standard deviation. #0.599298904976
#gyr_n: 0.000949        # gyroscope measurement noise standard deviation.     #0.198614898699
#acc_w: 0.000518         # accelerometer bias random work noise standard deviation.  #0.02
#gyr_w: 2.24e-05      # gyroscope bias random work noise standard deviation.     #4.0e-5

# calibrated IMU parameters X 10
#acc_n: 0.122          # accelerometer measurement noise standard deviation. #0.599298904976
#gyr_n: 0.00949       # gyroscope measurement noise standard deviation.     #0.198614898699
#acc_w: 0.00518         # accelerometer bias random work noise standard deviation.  #0.02
#gyr_w: 2.24-04       # gyroscope bias random work noise standard deviation.     #4.0e-5

g_norm: 9.80655     # gravity magnitude
#unsynchronization parameters
estimate_td: 0                      # online estimate time offset between camera and imu
td: 0.0                             # initial value of time offset. unit: s. readed image clock + td = real image clock (IMU clock)

#loop closure parameters
load_previous_pose_graph: 0        # load and reuse previous pose graph; load from 'pose_graph_save_path'
pose_graph_save_path: "/home/zhangs/vins_fusion/pose_graph/" # save and load path
save_image: 1                   # save image in pose graph for visualization prupose; you can close this function by setting 0 
