%YAML:1.0
---
model_type: KANNALA_BRANDT
camera_name: kannala-brandt
image_width: 752
image_height: 480
projection_parameters:
   k2: -0.0177307272241409
   k3: -0.0016551663371502019
   k4: -0.011531504620892835
   k5: 0.00651816507509913
   mu: 358.73458705533886
   mv: 358.48190945642165
   u0: 382.85553880734363
   v0: 245.9515820585013
